-4.197860157167987438e+01
-4.045311104658411239e+01
2.987316041720886162e+01
8.460021076225537229e+00
8.464448019357313502e-01
4.784254462201357683e+01
3.757614841304298636e+01
2.795763075237521278e+01
2.108207500205191920e+01
3.597789427280701346e+01
2.925177781185332293e+01
2.317532241670937410e+01
1.761581730734598494e+01
2.897294591989200185e+01
2.510813429170818623e+01
2.111420325609052639e+01
1.732016641474401197e+01
1.382508236648401123e+01
1.124028089052047186e+01
8.815738795466916855e+00
6.711995315067069257e+00
5.191351396063144108e+00
3.278261980318376345e+00
7.897807867948980487e-01
-1.217561464000295635e+00
-2.521281906266290562e+00
-3.833518874708237600e+00
-5.570882673805956031e+00
-7.070493101797884705e+00
-7.946510460716353030e+00
-8.796418488462544261e+00
-9.767907247982265062e+00
-1.080277435102028072e+01
-1.158488477248146964e+01
-1.222436548701043613e+01
-1.302348337547017643e+01
-1.354512963916918800e+01
-1.399824566660026903e+01
-1.491407063977191250e+01
-1.573617924423342629e+01
-1.106829012667644996e+01
-1.153315749152827863e+01
-1.210667777518655264e+01
-1.277183124425645921e+01
-1.334342428107717993e+01
-1.348776420799665843e+01
-1.421319422653569475e+01
-1.470040881801279475e+01
-1.516552282993501244e+01
-1.334050908052768669e+01
-1.382837830226683984e+01
-1.421106063265184716e+01
-1.470452019525309062e+01
-1.326962029979951474e+01
-1.366832051199858533e+01
-1.443721502963856906e+01
-1.480858677551725755e+01
-9.676503436293868887e+00
-1.020664634981294405e+01
-1.069304227598499146e+01
-7.497892017857478386e+00
-7.869465743876747688e+00
-8.220990177028054902e+00
-7.125844395873776271e+00
-2.757640223131438972e+00
-3.258087622644977088e+00
-3.821971713696076467e+00
-4.516680037174065632e+00
-3.555538337620919975e+00
-4.270382265851305981e+00
-3.177414963265307701e+00
-2.245110885537805245e+00
-2.747492302908167261e+00
-3.309984686032300338e+00
-3.679961470876184304e+00
-4.155867996767640626e+00
-4.571104927948520746e+00
-3.566439990713086150e+00
-3.956465337319923670e+00
-4.211753058427826879e+00
-1.940842707004231116e+00
-1.077178775536146160e+00
-1.619249041381621401e+00
-2.059744033732336277e+00
-9.141985629367033184e-02
-6.566413375233215444e-01
-1.076707144536680039e+00
-1.509859976000338611e+00
-2.132181466960628935e+00
-2.580501853720685634e+00
-1.744023743903771351e+00
-2.082670573049158147e+00
-2.580602258466397902e+00
-2.884273844963064271e+00
-3.341719786212488330e+00
-3.707950456039554865e+00
-3.978219226032311706e+00
-3.289268621603351317e+00
-2.524025622580585271e+00
-2.861912936158886200e+00
-6.999027794978625039e-01
-8.007645124862594610e-01
-2.918353746320954567e+00
-2.787671089379475831e+00
-2.804358648669073251e+00
-6.130779108783459996e+00
-6.264185706225736894e+00
-6.236349832464580523e+00
-6.205732517005435156e+00
-8.222088948520985596e+00
-7.162081714762313922e+00
-7.057064142368412618e+00
-7.065749645529560752e+00
-9.161496009946311858e+00
-9.259218136126055043e+00
-8.183178689294228647e+00
-5.925988117562906332e+00
-5.911611469374943084e+00
-5.948946701536869774e+00
-5.845255698751112838e+00
-5.819850282364523508e+00
-5.959615857346332035e+00
-6.051885848225704301e+00
-4.778706380099443152e+00
-4.717335948069030671e+00
-4.873735988057358526e+00
-4.883040437359465358e+00
-4.779457309493788664e+00
-2.508612316561793065e+00
-2.482607295812186976e+00
-2.659239965390835181e+00
-2.689614200304215608e+00
-2.612978647596583937e+00
1.639933260789067315e+00
4.826762017493428480e+00
4.945958925941069673e+00
4.849322803629095624e+00
4.822752031149662777e+00
4.947180248349106080e+00
4.947443595077275269e+00
2.790879093819021772e+00
2.754954795043023541e+00
2.872490499309195311e+00
2.953178007610154143e+00
2.887019702469054483e+00
2.717701643172363291e+00
2.905909386487417034e+00
2.954220661204436826e+00
5.135112819229210146e+00
3.904809344859330622e+00
4.044760898876718080e+00
4.116300887165444955e+00
6.306274488060273242e+00
5.343010083483068939e+00
5.240597608913033056e+00
5.527104946469501456e+00
5.407892057982249590e+00
2.257814019674878381e+00
2.289670325968180986e+00
2.317890380678872653e+00
5.535435442153684160e-02
1.145039132354223499e+00
1.058380805369374178e+00
1.871766553189985471e-01
-1.835068366379382532e+00
-1.793014602149851200e+00
-1.781952436896007130e+00
-1.702796707579909530e+00
-2.655787893124148535e+00
-2.533780546771927433e+00
-3.766624825189400116e+00
-4.729837302581780811e+00
-4.735528148066689091e+00
-4.641974671989415491e+00
-4.542644132596390882e+00
-4.612947228591406379e+00
-4.691177628465371008e+00
-4.666986011311764493e+00
-4.670007974362703429e+00
-4.841678658936462654e+00
-6.962661205832818112e+00
-8.008275598915295390e+00
-8.030553527381721679e+00
-8.050630574456706157e+00
-7.910498000769695892e+00
-7.764049126480958130e+00
-7.898032025080676810e+00
-7.823141940033918829e+00
-7.698829297891990109e+00
-7.527624657670352271e+00
-8.726482273543247459e+00
-8.959522586847414871e+00
-8.826694962244925335e+00
-8.965926844303259813e+00
-8.967989849788329693e+00
-7.835784176820824065e+00
-6.890455779224596178e+00
-7.789939319449335819e+00
-7.729761057402421365e+00
-7.805428129033173512e+00
-9.895423028140848842e+00
-9.838964795403608576e+00
-9.766881528942242596e+00
-9.624016839889954156e+00
-8.658833156946032616e+00
-8.569747331861641726e+00
-8.661276771728822155e+00
-8.705598943664899281e+00
-8.731064272142667448e+00
-8.711876040403405241e+00
-9.810369909564151669e+00
-9.928733529866311969e+00
-9.725841401255721053e+00
-7.596394467802727313e+00
-7.598628601830426099e+00
-7.559279764677174995e+00
-9.803405855324808016e+00
-9.574061782504351470e+00
-9.495231469656124190e+00
-8.495344133217914262e+00
-8.673677932596611129e+00
-8.805328714460751272e+00
-8.788865666013762734e+00
-9.806691549078742298e+00
-9.679995353034023253e+00
-9.566067957044658954e+00
-8.378837999747297260e+00
-3.027662512432767628e+00
-9.464639527180566114e-01
9.825340907517769728e-02
2.133632032512328136e-01
1.293646979459560864e+00
1.206637086655757640e+00
-2.931916422453718862e+00
-6.191670232901008930e+00
-6.365708580204912259e+00
-4.202242554218738491e+00
-4.084037030454803485e+00
-4.121874840080081093e+00
-4.044076733788537936e+00
-2.848683194627282589e+00
-2.962639996953599919e+00
-8.963888256939998023e-01
-9.502351224282079567e-01
-8.096577398849569285e-01
-8.451150796779327568e-01
-8.839197137129128912e-01
-8.482389751155369195e-01
-3.065260597302099210e+00
-3.171137952180069330e+00
-3.233041653724487929e+00
-3.346410589969543548e+00
-3.315168064588414065e+00
-3.407100727826039677e+00
-3.406496258261606513e+00
-3.525628774190197934e+00
-3.469513620374077512e+00
-3.584511051942947724e+00
-3.602793752210145417e+00
-3.627439029063578513e+00
-3.617790611840500326e+00
-4.867001563283798404e+00
-4.856543342131371510e+00
-4.983447320708667583e+00
-6.200023847860482995e+00
-6.280892312953750611e+00
-6.238760019191278872e+00
-6.126876844763691210e+00
-5.134446359841344787e+00
-5.052723457313976319e+00
-4.880851134098734612e+00
-5.015250975900401365e+00
-4.902420733852653534e+00
-5.090251796643975091e+00
-5.373434094857962862e+00
-5.343850463527055616e+00
-3.210164522414824972e+00
-4.259597308291928286e+00
-4.108022950095222114e+00
-4.084004961121709520e+00
-4.054884176463788847e+00
-4.125097801948959919e+00
-8.391614861900547062e-01
-9.993068342708091301e-01
-9.683845176330211357e-01
-1.059893704984355534e+00
-7.890603448555679744e-01
-9.712917592651458820e-01
-9.473963177208563069e-01
-1.141210458271308958e+00
-1.118070076590696349e+00
-9.070312965730797927e-01
-7.895992728898132418e-01
-7.227374894315796716e-01
-6.689956428059047333e-01
-1.696624646709340212e+00
-2.661430441380972400e+00
-2.811970515849585794e+00
-4.041365771234405990e+00
-4.055562287922358955e+00
-4.095350505786530704e+00
-2.929935473156842107e+00
-2.854275441054464402e+00
-2.922086651069160990e+00
-1.706276028681686041e+00
-1.694839461949677606e+00
-1.637548928319733754e+00
-1.517438832148551464e+00
-1.567576003194447454e+00
-1.714237522709939565e+00
-1.758656494740677756e+00
-1.721023003449476896e+00
-1.786729169446854781e+00
-3.948284298656934865e+00
-3.816710976294654500e+00
3.837994029295521137e-01
2.852180134922120414e-01
8.963663093924950642e-02
6.263513184504454490e-02
-1.245286504455973109e+00
-1.251016563201761800e+00
7.493266178746864695e-03
-1.113906564402375871e-01
9.476228113390376684e-03
7.385242808579171869e-02
9.041549192724020190e-02
-1.009844873422121925e+00
-6.513620913382705879e+00
-1.087561707925423349e+01
-1.210372440607047295e+01
-1.210463319300702345e+01
-1.302150327901273563e+01
-1.295028463407052222e+01
-1.099868058987234321e+01
-1.081425567489429795e+01
-1.081731059552245533e+01
-1.285896990928469030e+01
-1.318878403767720542e+01
-1.317509702702344399e+01
-1.306119395483885270e+01
-7.874707034352135260e+00
-5.633193719521227827e+00
-7.909000416721223559e+00
-6.795196991683197574e+00
-5.780371431441085228e+00
-5.790057741160105742e+00
-5.926661864209330943e+00
-6.113635433520422602e+00
-6.109585497739185911e+00
-5.797444415062166456e+00
-5.974549966368500442e+00
-6.048847364769731172e+00
-8.293825068179884852e+00
-8.296743034906965519e+00
-8.225812931645632986e+00
-8.042949001048000923e+00
-7.982891452414781597e+00
-7.919392487240333622e+00
-7.950346068350454765e+00
-7.883883622268854197e+00
-7.836347962203015882e+00
-5.518812481356315303e+00
-5.525752353086307522e+00
-5.461767371583244213e+00
-4.314827845300992060e+00
-2.107369487737503988e+00
-1.985642647453899956e+00
-1.908569588018197871e+00
-3.099540186692394172e+00
-3.223338116048556579e+00
-3.334251927673570925e+00
-3.413124594073477347e+00
-3.671734353335525558e+00
-3.705817759969278313e+00
-3.557462767386209812e+00
-3.376694273928228629e+00
-5.455832165227825215e+00
-5.370303274093418899e+00
-1.276496148431394806e+00
-1.377276758531289724e+00
-1.516962333172458877e+00
-1.437528985490254430e+00
-1.389485417707813975e+00
-1.039567093590237024e+00
-3.361406726856817073e+00
-3.379174923148477561e+00
-2.541220884494366228e+00
-2.386467378749733470e+00
-2.306209005794328082e+00
-2.215925070427107180e+00
-1.034420895178988831e+00
-1.098928759368580366e+00
-1.290236736847469423e+00
-1.150445582745223350e+00
1.105056559148600792e+00
9.087101848216994071e-01
7.985980035959375778e-01
8.388627430257283857e-01
8.204157998396337526e-01
8.850222573452179997e-01
8.397284288699716770e-01
-1.472650699498445903e-01
-2.957743941132724985e-01
-3.705435687744101370e-01
-2.629850221336702543e+00
-1.580512618626917387e+00
-1.488430718692780985e+00
-1.501956290586208276e+00
1.753212350847348056e+00
1.742565962134117408e+00
1.859899221851117002e+00
1.968074520542324235e+00
1.952674992199054049e+00
5.181929428773885071e+00
5.062382947412964462e+00
-1.626927695129841700e-01
3.719392192422574586e-03
2.219243685544725952e+00
2.192597647234080238e+00
2.409824215561016114e+00
2.434018200556273825e+00
2.414798737473359491e+00
2.596907979676168488e+00
2.355654973251211093e+00
2.177435921417935738e+00
2.093337099156868941e+00
2.038369693318462517e+00
2.151059075526571274e+00
3.340117684943680221e+00
3.507297396508968657e+00
3.687854503580691112e+00
3.566996904768424681e+00
3.641731188551860843e+00
1.615732611195564994e+00
1.429929615757383310e+00
4.775831865699132095e+00
4.702492271972964488e+00
5.005203201337691254e+00
5.137204592034355422e+00
4.914225857686311372e+00
-1.447729757002060413e+00
-3.702737495737377316e+00
-3.634844025753575458e+00
-4.741789719920356916e+00
-6.012969074778509615e+00
-5.882017304060349616e+00
-5.819396400322142782e+00
-5.792549607600141037e+00
-5.765070900676317223e+00
-5.887622381625114976e+00
-5.812287339062764957e+00
-5.663509038397181783e+00
-5.702415525035084976e+00
-5.570236442329487225e+00
-5.393304103020112983e+00
-5.598367203707771189e+00
-5.698868903978347333e+00
-5.618622845918683772e+00
-5.703960873221459060e+00
-5.826325093454330251e+00
-4.810955492286995039e+00
-7.115367910750524771e+00
-7.204025448143729804e+00
-6.087380764582069226e+00
-7.126075357199306737e+00
-9.286878422958757540e+00
-9.441617332525254369e+00
-9.701021801215810925e+00
-6.340561100337422040e+00
-6.083073214220060088e+00
-5.869301256081484119e+00
-5.734551386275578366e+00
-5.650348403608346892e+00
-5.563773577769109302e+00
-5.478882678329521028e+00
-5.618681636349063702e+00
-5.665656294373202506e+00
-5.913474812991775131e+00
-1.006916765865919849e+01
-8.732316451359746878e+00
-7.560569909322315318e+00
-7.558986699672200160e+00
-8.591360852294894102e+00
-6.501178704925709262e+00
-6.460082289580331150e+00
-6.468506254554614365e+00
-7.596463632582141301e+00
-7.578229260596745398e+00
-6.508365142672304593e+00
-6.680619710008318002e+00
-6.684063834880509702e+00
-6.633269357032983926e+00
-6.592921961375830975e+00
-6.767723608382962830e+00
-9.011873593719922582e+00
-8.891906065198885045e+00
-9.028043601475703284e+00
-9.040996808014721609e+00
-8.949731466489748044e+00
-8.917206455681970567e+00
-8.946234910474895941e+00
