-4.197860157167987438e+01
-3.892762052148835750e+01
1.705257033447948061e+02
-5.577939694672443238e+01
-2.960786029522349239e+01
2.828230437224028151e+02
-2.402222884078051734e+01
-3.937199287229925915e+01
-3.392237100053443299e+01
1.700402677096028867e+02
-3.800938679768357531e+01
-4.366568692987409150e+01
-4.909824400501465647e+01
1.766156178829902501e+02
-2.899922850286526455e+01
-3.879476227817437461e+01
-4.338442304680023653e+01
-4.559134645393599072e+01
-3.528614567682323866e+01
-3.725056101055061930e+01
-3.536287429292990225e+01
-2.674217090301928579e+01
-3.880970516606651444e+01
-5.644528666424513119e+01
-4.939377548308494426e+01
-3.511429296291616708e+01
-3.795168005419886015e+01
-5.247970524944437187e+01
-4.905958508557186804e+01
-3.335101386935192380e+01
-3.429365932084827051e+01
-3.988405879309364366e+01
-4.391852164823677640e+01
-3.739452868070074487e+01
-3.396670978099530203e+01
-4.099260947156105317e+01
-3.232439513233360628e+01
-3.076353868155019811e+01
-4.971541962029434103e+01
-4.779841481823258675e+01
1.756472745756026654e+02
-3.059271945045327357e+01
-3.619452968883411614e+01
-4.137343041426245094e+01
-3.849351790118888772e+01
-1.998306091937319451e+01
-4.758297507933136217e+01
-3.759949461743645571e+01
-3.749099540220151283e+01
7.608516464043135841e+01
-3.822183938922450608e+01
-3.372785948228712272e+01
-4.036441745051773466e+01
6.278007415923986656e+01
-3.519813197074832800e+01
-5.672641349983776138e+01
-3.560540454472375416e+01
2.828522468994392511e+02
-4.095493533391920948e+01
-3.939040192013577979e+01
1.842111234697932787e+02
-3.053546303105212445e+01
-3.001550503240915191e+01
6.186833981684566908e+01
2.768074268323781553e+02
-3.578716859102495818e+01
-4.103832172306861281e+01
-5.106213771019934455e+01
6.180209723199298821e+01
-5.359461331374789239e+01
7.333029621775455098e+01
6.394847863311481717e+01
-3.891895435357423594e+01
-4.437192865409402032e+01
-3.105824354932361331e+01
-3.984885743862687235e+01
-3.612911169769542852e+01
7.379276017641535645e+01
-3.437844237265322533e+01
-2.437948302595212269e+01
1.797319854068834388e+02
6.887959967337874900e+01
-4.606901084071061803e+01
-3.862082839884166674e+01
1.652478110485542686e+02
-4.870046724204367194e+01
-3.720236654768551432e+01
-3.919415631333873051e+01
-5.689647267146617082e+01
-4.248101627536576075e+01
7.353900613961852173e+01
-3.289953202527937748e+01
-4.839031731685241766e+01
-3.112573138915304227e+01
-4.634163826365837480e+01
-3.849986408961083129e+01
-2.992402114533696178e+01
6.353894000800580955e+01
7.246978828165046593e+01
-3.631275698041065425e+01
1.742224140944225041e+02
-4.901379382032791199e+01
-4.123322003867483687e+01
-4.271113125257645748e+01
-3.127661622418331078e+01
-4.981900228903570849e+01
-3.736288858500834209e+01
-3.658840549618343374e+01
-3.086063945461996028e+01
-3.159537544195209335e+01
6.799133657818370580e+01
-3.316392969048385453e+01
-4.996679432112954089e+01
-3.295901855868471841e+01
-3.877144112083971805e+01
6.880918240500834315e+01
1.823346341263318777e+02
-4.415368163513972632e+01
-3.901966889301596808e+01
-2.688146073197496833e+01
-3.282233265427095148e+01
-4.071872840120024506e+01
-4.803670425400370902e+01
7.087266014838107253e+01
-4.325673228004369264e+01
-5.075429696174895611e+01
-3.888212498440972809e+01
-4.212139246287659233e+01
1.780249142076276030e+02
-3.075051179439123672e+01
-5.195692627871313363e+01
-4.292148228443161884e+01
-3.625496637747357909e+01
3.878966621578642844e+02
2.847161658894409015e+02
-2.907291862679675631e+01
-4.198800736353104668e+01
-3.342061592949348636e+01
-3.727259790035010667e+01
-4.777208014541572112e+01
-4.000917555022285654e+01
-3.418514932805301498e+01
-2.444095926221698889e+01
-3.330467958416656415e+01
-4.510934841529883954e+01
-3.691486684904219118e+01
-2.876220074782611036e+01
-3.276836714573443032e+01
1.805982204002758635e+02
-4.694518279655660820e+01
-2.422668398748566432e+01
-2.657386065341454895e+01
1.786329426389651189e+02
-3.354636629848058504e+01
-4.543937942775180971e+01
-2.807567974419112034e+01
-4.752669339344894439e+01
-3.215555693129776671e+01
-3.776930470458896139e+01
-3.656839644906656162e+01
-4.204247915594036300e+01
7.843301476221655832e+01
-3.868133773089407157e+01
-2.525207518819193808e+01
7.458292466254017938e+01
-3.158179216807188538e+01
-3.993210519768418010e+01
-4.314656477858959249e+01
-3.349702132243089636e+01
-4.139387867852572356e+01
-4.995413162399272977e+01
-3.237276910612323633e+01
-3.948803890206498579e+01
-3.501658104636668156e+01
-2.112518961002123774e+01
-4.687916703812844332e+01
-4.395215168509181325e+01
7.621192189177605769e+01
-3.468063867774721842e+01
-4.154655148332805226e+01
-3.236626928275216386e+01
-3.568183963486909249e+01
-4.829680368735304796e+01
-4.062853310634019266e+01
1.792610684172553874e+02
-3.405557981316997740e+01
-5.060065640765725448e+01
-3.170514780866311710e+01
-4.446520845727327753e+01
-2.536055225320200535e+01
-4.634675544767097222e+01
-5.620356335569593398e+01
-3.510755485660379094e+01
-4.504891959498629461e+01
-4.654793881216535567e+01
7.472070320713974922e+01
6.460881861428583761e+01
-2.640941401446808712e+01
7.848761448634186877e+01
-4.387946414348583346e+01
-3.477707581634508216e+01
-4.336797054660392803e+01
-3.402489339253837386e+01
-2.842466234734748909e+01
6.524175207020884670e+01
-4.091041978059666917e+01
-4.651583257172634234e+01
-4.102062268979113213e+01
-3.340717230239690849e+01
-2.967655226802580515e+01
-4.185805033789094409e+01
-4.500029172069977790e+01
-2.967758146007052034e+01
1.799856747866147089e+02
-3.899485452360951854e+01
7.274406612033331498e+01
-4.207797493843149539e+01
-2.121927435309422094e+01
-3.113663760819309090e+01
7.310727291184606713e+01
-5.065571259214068789e+01
-5.388380658761427355e+01
-4.639039940930468475e+01
-3.090992815811702243e+01
-3.058711267557174196e+01
-3.936155736281251905e+01
7.984087074532645545e+01
4.929961562685763283e+02
3.861447701790989413e+02
7.372122438493214247e+01
-4.044594686110772841e+01
6.510689533640120885e+01
-4.495595565785396985e+01
-2.595868875308331525e+01
-4.125921515528821004e+01
-4.647675335718706435e+01
1.743585952350863977e+02
-2.160006355310014214e+01
-4.105637886287762939e+01
-3.999226951626147297e+01
7.953017836590260004e+01
-4.558082956068476932e+01
1.821841578637429961e+02
-3.868930925758718331e+01
-3.105161016097383353e+01
-4.046060082833965765e+01
-3.264266415132431121e+01
-2.920029328599665774e+01
-4.110394181838045569e+01
-5.753291828435366995e+01
-3.041705414192752244e+01
-3.791075427792011965e+01
1.817571951770780458e+02
-4.273963262224317816e+01
-4.537893247130843832e+01
-3.998893133705019665e+01
-4.191517801183701408e+01
-4.365530008818461738e+01
-3.959757473130886751e+01
-3.903292413440980368e+01
-4.107763743363260289e+01
-4.648808038211290494e+01
-3.763551561565168413e+01
-3.794247304592154535e+01
-4.707472805264124815e+01
-3.966863867739848359e+01
-3.571887582143717310e+01
-3.195824733583086186e+01
6.574602716980376726e+01
-3.322158842578887317e+01
-3.276689930246843119e+01
-4.581275328628992582e+01
-2.820501469729037325e+01
-5.379968732549879462e+01
-4.944341943142011786e+01
-4.392080390503767262e+01
1.694164424261312831e+02
-2.873135669593422392e+01
-1.952320285807674694e+01
-3.914475258597691720e+01
-2.945419081695974484e+01
-4.270320218338623164e+01
2.802968278885375639e+02
-5.664306791441578071e+01
1.823533000810343481e+02
-4.320649854830364944e+01
-2.351732039477830938e+01
-4.992828924962121562e+01
-4.207566430284427383e+01
-4.474196630824729226e+01
-4.403271727960974147e+01
-3.509968535393422684e+01
-2.336435248827730859e+01
-3.836274124916285189e+01
-4.117375414959789026e+01
-2.804219718320355881e+01
-3.187176085287739014e+01
-4.146342146132937501e+01
-4.445191105214031779e+01
-4.529911581228086703e+01
-3.875589760276212559e+01
7.317353271636487477e+01
-2.645889018230072764e+01
-3.520578334881702887e+01
1.868228143089563105e+02
-3.976676310739598819e+01
-4.078677920873177953e+01
-2.900961307267309763e+01
-3.842088940698641863e+01
-4.434270421957517527e+01
-4.629994754096456688e+01
-4.123694259158001074e+01
-3.624819805980809662e+01
-3.616983813439348694e+01
-2.583752228738144652e+01
4.927951040427539624e+02
-5.193611388216540092e+01
-4.077741260839073334e+01
-3.383678751761348025e+01
-5.768489071825544556e+01
-5.122871846671959872e+01
7.196717635043671635e+01
-5.827879167120342174e+01
-1.882323970275400171e+01
-2.414949267833171120e+01
-3.770525097866742215e+01
-3.018516578961009955e+01
-5.738144772748210443e+01
-5.005484640805400431e+01
-4.908950829669139182e+01
-4.053682555476301275e+01
-2.658011326417026154e+01
-3.783409116363245062e+01
1.692017156667347990e+02
-2.281672365748381992e+01
-4.678224542000265274e+01
-2.980733614113708541e+01
-5.458147639235167503e+01
-3.968767779750125158e+01
-2.860196229780270016e+01
5.981788704145743623e+02
1.785705019224059811e+02
-4.539651185625668006e+01
7.269103324621541162e+01
7.043094586323753958e+01
-4.142923180024175878e+01
-4.630307645624688462e+01
-4.789765021710585557e+01
-4.069894824025677593e+01
-2.631881001665171027e+01
-4.812760927256080379e+01
-4.534049411804338803e+01
-4.274057516393731504e+01
-4.303142929495125202e+01
-3.828592214517509973e+01
-2.170253827728711116e+01
-3.590942314851504591e+01
-3.730540357073988389e+01
-4.269293284232091423e+01
-3.238667952624979307e+01
-3.632407142704876435e+01
1.852654677025572596e+02
-3.832950278865096294e+01
-3.154397489561509360e+01
6.761922457558392807e+01
1.810771970789502348e+02
-2.354619179307663046e+01
-2.425094139226066758e+01
-5.335103269761594902e+01
-4.560138136140495391e+01
-4.385828046496990140e+01
-5.370001992628039034e+01
-5.406599062349546614e+01
-5.720802798887388008e+01
-3.460792017311352708e+01
-2.584395455923931451e+01
-3.849734670382846957e+01
-2.017846758249356753e+01
3.898575097081255763e+02
-4.922281359596638595e+01
-4.342274828107675688e+01
-3.475986741516572209e+01
2.851011846667815348e+02
-2.165123550265810337e+01
-4.983066324562384608e+01
-4.498331817746953476e+01
6.027808347063281502e+01
-3.445293867515794517e+01
-3.404982700730369771e+01
-3.571357277152530685e+01
7.411770024520220090e+01
-4.155047177289341676e+01
-4.249515023616616105e+01
-2.438362583893828628e+01
1.843764600397845186e+02
-4.767683461589371063e+01
-4.288297897545363924e+01
-3.743694751835015211e+01
-4.629660537074992277e+01
-3.883847006172234018e+01
-4.328528045028684090e+01
-2.552581716561675407e+01
-4.130982259864357786e+01
-4.268270081493069057e+01
-3.910785094727282996e+01
6.516699716358246519e+01
-3.157858921531816065e+01
-3.036217026201570945e+01
2.870959747363691577e+02
-4.540734309089822318e+01
-3.456662156926462615e+01
-3.041941272245920658e+01
-3.778815089413522799e+01
2.867556055230896277e+02
-3.779217042347356426e+01
-2.971246764984085331e+01
-3.529489771162479883e+01
1.807750167268396240e+02
-3.650139134867805524e+01
-3.596223388556178691e+01
-4.880931996719382937e+01
7.004523004214520654e+01
-4.006786745092242086e+01
-4.294854034524973940e+01
-4.197139786165915609e+01
-4.611513320477408229e+01
-3.568190637345090011e+01
-4.611250950667113813e+01
6.885101453365678026e+01
-3.237153714016255890e+01
-2.248111484759085243e+01
-3.866587314539675901e+01
-3.036066278528895879e+01
-3.339814206889482762e+01
-4.139702320130186308e+01
2.878079795741722364e+02
-3.714129551375398108e+01
-2.431038345587878169e+01
-2.648753872783483132e+01
-5.089983573260710159e+01
-3.801669105426291395e+01
-4.693027195112566119e+01
-3.860716485787646235e+01
-3.800353617046273058e+01
-5.668698962257770546e+01
-2.833405472842571626e+01
-4.004098608242621538e+01
-4.521297094490585522e+01
-3.795107754787415644e+01
-3.857395811153145360e+01
-4.059410501632593338e+01
-3.046266405148516654e+01
-4.663122382772755969e+01
-2.981352102439153029e+01
-2.059268821423758666e+01
-4.220884834605281100e+01
-4.595959317557265678e+01
-2.928079776477359886e+01
-5.122673557259849986e+01
-4.462310154953689079e+01
6.521288868968473196e+01
-4.517577414379569234e+01
-4.719525652797157278e+01
8.012049346055110277e+01
-3.625023468614000421e+01
-3.500310949699477447e+01
-3.902008274972629920e+01
-5.019138826131641906e+01
2.826950373902229217e+02
-1.985259274966873733e+01
-2.248108465111234366e+01
-4.022503294568973331e+01
-4.564569235677222281e+01
-4.855054540495017079e+01
-2.611883022915479913e+01
-3.982385036119347177e+01
-4.319481250624234292e+01
-4.496031944435066663e+01
-2.571177485861691281e+01
8.446230713397899592e+01
7.375190592266606870e+01
-3.460154645015413166e+01
1.818637694045118565e+02
1.873669792342610663e+02
-4.572102171108626578e+01
-4.582571467489783856e+01
-5.251765433211993184e+01
-3.262950147661823053e+01
7.293658478514031174e+01
-5.293902950512670458e+01
7.377328775798306992e+01
-3.647102398814094215e+01
-3.846041067045089079e+01
-4.186379053965139718e+01
-4.003853849391139619e+01
-3.568008176378989305e+01
-5.649673260313550571e+01
-3.873226817225200591e+01
-3.717007121825259475e+01
-3.558596898094475591e+01
-4.618812592957894481e+01
